Al usuarioDragos le ha tocado la tarea: [9087, 2345, 4321, 876, 987, 345, 765, 567, 987, 543, 987, 234, 654, 987, 432, 987, 123, 543, 234, 567]

Al usuarioJose Vicente le ha tocado la tarea: [123, 345, 567, 789, 321, 876, 543, 432, 123, 654, 432, 765, 876, 543, 321, 654, 987, 543, 987, 765]

Al usuarioJose Manuel le ha tocado la tarea: [4321, 7654, 8765, 9876, 4321, 987, 234, 567, 543, 987, 234, 876, 432, 234, 765, 987, 123, 543, 987, 234]

Al usuarioAlbert le ha tocado la tarea: [543, 123, 654, 876, 543, 123, 543, 345, 765, 432, 987, 345, 876, 543, 432, 987, 234, 876, 432, 765]

Al usuarioborja le ha tocado la tarea: [8765, 6543, 3210, 765, 432, 543, 345, 432, 876, 234, 567, 432, 987, 543, 987, 654, 234, 123, 432, 876]

Al usuarioBlanca le ha tocado la tarea: [345, 765, 123, 432, 987, 234, 567, 543, 234, 876, 345, 987, 543, 987, 123, 987, 543, 234, 876, 432]

Al usuariopaco le ha tocado la tarea: [9876, 5432, 8765, 7654, 3210, 5432, 987, 432, 765, 876, 543, 345, 987, 543, 234, 987, 432, 987, 876, 765]

Al usuariojesus le ha tocado la tarea: [543, 876, 123, 432, 765, 654, 876, 345, 987, 654, 987, 123, 765, 987, 543, 234, 876, 654, 432, 987]

Al usuariohola le ha tocado la tarea: [432, 876, 987, 123, 543, 987, 765, 123, 543, 876, 234, 987, 876, 543, 432, 987, 765, 432, 876, 123]

Al usuarioAntonio le ha tocado la tarea: [987, 876, 543, 987, 654, 432, 987, 765, 543, 876, 432, 987, 543, 876, 987, 234, 765, 987, 432, 876]

Al usuarioJesus2 le ha tocado la tarea: [432, 876, 543, 987, 123, 765, 987, 543, 987, 765, 432, 876, 345, 987, 543, 765, 987, 432, 654, 987]

Al usuario bea le ha tocado la tarea: [432, 876, 987, 123, 543, 987, 765, 123, 543, 876, 234, 987, 876, 543, 432, 987, 765, 432, 876, 123]

Al usuario bea le ha tocado la tarea: [987, 876, 543, 987, 654, 432, 987, 765, 543, 876, 432, 987, 543, 876, 987, 234, 765, 987, 432, 876]

Al usuario Luis le ha tocado la tarea: [432, 876, 543, 987, 123, 765, 987, 543, 987, 765, 432, 876, 345, 987, 543, 765, 987, 432, 654, 987]

Al usuario luis le ha tocado la tarea: [432, 876, 987, 123, 543, 987, 765, 123, 543, 876, 234, 987, 876, 543, 432, 987, 765, 432, 876, 123]

Al usuario  le ha tocado la tarea: [654, 543, 876, 987, 234, 765, 987, 432, 876, 543, 987, 654, 876, 987, 543, 765, 987, 432, 345, 987]

Al usuario alberto le ha tocado la tarea: [432, 876, 543, 987, 123, 876, 987, 654, 543, 765, 987, 432, 654, 987, 543, 876, 987, 345, 765, 987]

Al usuario irene le ha tocado la tarea: [765, 543, 876, 234, 987, 654, 987, 876, 432, 543, 765, 987, 432, 123, 987, 345, 876, 543, 654, 987],

Al usuario lucia le ha tocado la tarea: [543, 876, 345, 987, 432, 654, 987, 765, 234, 876, 543, 987, 765, 654, 987, 543, 876, 432, 345, 987],

Al usuario josefa le ha tocado la tarea: [876, 432, 987, 543, 234, 765, 987, 654, 432, 876, 543, 765, 987, 345, 876, 654, 987, 543, 432, 987],

Al usuario juan le ha tocado la tarea: [654, 987, 543, 765, 876, 432, 345, 987, 543, 876, 234, 765, 987, 543, 654, 987, 432, 876, 345, 987],

Al usuario bea le ha tocado la tarea: [876, 543, 234, 987, 654, 765, 432, 987, 876, 543, 345, 654, 987, 765, 432, 876, 543, 987, 234, 987],

Al usuario juan le ha tocado la tarea: [543, 987, 876, 654, 432, 345, 987, 765, 543, 876, 432, 987, 654, 543, 876, 987, 345, 234, 765, 987],

Al usuario bea3 le ha tocado la tarea: [987, 654, 543, 876, 432, 234, 987, 765, 543, 876, 345, 987, 654, 876, 543, 765, 432, 987, 876, 543],

Al usuario bea le ha tocado la tarea: [876, 543, 987, 234, 654, 765, 432, 987, 543, 876, 987, 345, 654, 765, 543, 987, 432, 876, 654, 987],

Al usuario bea le ha tocado la tarea: [543, 876, 987, 345, 654, 432, 876, 543, 987, 234, 765, 654, 987, 876, 543, 432, 765, 987, 543, 876],

Al usuariobea le ha tocado la tarea: [987, 654, 543, 876, 234, 765, 543, 876, 987, 345, 432, 654, 765, 987, 543, 876, 654, 432, 987, 543],

Al usuariobea le ha tocado la tarea: [765, 543, 987, 654, 876, 432, 234, 765, 543, 987, 876, 543, 654, 987, 432, 345, 876, 543, 987, 654]

Al usuariobea le ha tocado la tarea: [654, 432, 765, 543, 987, 876, 345, 543, 987, 654, 765, 876, 432, 987, 543, 654, 876, 765, 987, 543]

Al usuariobea le ha tocado la tarea: [876, 543, 234, 654, 987, 765, 432, 876, 543, 987, 345, 654, 765, 543, 876, 987, 432, 654, 543, 876]

Al usuariobea le ha tocado la tarea: [543, 876, 654, 987, 345, 765, 432, 876, 543, 987, 234, 654, 765, 543, 876, 987, 432, 765, 543, 654]

Al usuarioasfsdf le ha tocado la tarea: [987, 543, 765, 876, 654, 432, 345, 543, 987, 876, 765, 432, 654, 543, 987, 876, 234, 654, 765, 543]

Al usuariofadsfs le ha tocado la tarea: 
Al usuariogsfsgdf le ha tocado la tarea: 
Al usuario luis le ha tocado la tarea: [765, 543, 987, 654, 876, 432, 234, 765, 543, 987, 876, 543, 654, 987, 432, 345, 876, 543, 987, 654]

Al usuario juan le ha tocado la tarea: [654, 432, 765, 543, 987, 876, 345, 543, 987, 654, 765, 876, 432, 987, 543, 654, 876, 765, 987, 543]

Al usuario marcos le ha tocado la tarea: [876, 543, 234, 654, 987, 765, 432, 876, 543, 987, 345, 654, 765, 543, 876, 987, 432, 654, 543, 876]

Al usuario frencisco le ha tocado la tarea: [543, 876, 654, 987, 345, 765, 432, 876, 543, 987, 234, 654, 765, 543, 876, 987, 432, 765, 543, 654]

Al usuario maria le ha tocado la tarea: [987, 543, 765, 876, 654, 432, 345, 543, 987, 876, 765, 432, 654, 543, 987, 876, 234, 654, 765, 543]

Al usuario juan le ha tocado la tarea: [765, 543, 987, 654, 876, 432, 234, 765, 543, 987, 876, 543, 654, 987, 432, 345, 876, 543, 987, 654]

Al usuario ismael le ha tocado la tarea: [654, 432, 765, 543, 987, 876, 345, 543, 987, 654, 765, 876, 432, 987, 543, 654, 876, 765, 987, 543]

Al usuario juan le ha tocado la tarea: [876, 543, 234, 654, 987, 765, 432, 876, 543, 987, 345, 654, 765, 543, 876, 987, 432, 654, 543, 876]

Al usuario luis le ha tocado la tarea: [543, 876, 654, 987, 345, 765, 432, 876, 543, 987, 234, 654, 765, 543, 876, 987, 432, 765, 543, 654]

Al usuario marta le ha tocado la tarea: [987, 543, 765, 876, 654, 432, 345, 543, 987, 876, 765, 432, 654, 543, 987, 876, 234, 654, 765, 543]

Al usuario luisa le ha tocado la tarea: [765, 543, 987, 654, 876, 432, 234, 765, 543, 987, 876, 543, 654, 987, 432, 345, 876, 543, 987, 654]

Al usuario gema le ha tocado la tarea: [654, 432, 765, 543, 987, 876, 345, 543, 987, 654, 765, 876, 432, 987, 543, 654, 876, 765, 987, 543]

Al usuario dolores le ha tocado la tarea: [876, 543, 234, 654, 987, 765, 432, 876, 543, 987, 345, 654, 765, 543, 876, 987, 432, 654, 543, 876]

Al usuario SERRUL le ha tocado la tarea: [543, 876, 654, 987, 345, 765, 432, 876, 543, 987, 234, 654, 765, 543, 876, 987, 432, 765, 543, 654]

Al usuario SERRUL le ha tocado la tarea: [987, 543, 765, 876, 654, 432, 345, 543, 987, 876, 765, 432, 654, 543, 987, 876, 234, 654, 765, 543]

Al usuario SERRUL le ha tocado la tarea: [765, 543, 987, 654, 876, 432, 234, 765, 543, 987, 876, 543, 654, 987, 432, 345, 876, 543, 987, 654]

Al usuario SERRUL le ha tocado la tarea: [654, 432, 765, 543, 987, 876, 345, 543, 987, 654, 765, 876, 432, 987, 543, 654, 876, 765, 987, 543]

Al usuario SERRUL le ha tocado la tarea: [876, 543, 234, 654, 987, 765, 432, 876, 543, 987, 345, 654, 765, 543, 876, 987, 432, 654, 543, 876]

Al usuario SERRUL le ha tocado la tarea: [543, 876, 654, 987, 345, 765, 432, 876, 543, 987, 234, 654, 765, 543, 876, 987, 432, 765, 543, 654]

